label 2
xdehyd_water
(null)
 1.98635e+02  5.10345e-02 
 2.00564e+02  1.00774e+00 
 2.02492e+02  7.09330e-01 
 2.04421e+02  9.01648e-01 
 2.06349e+02  1.01757e+00 
 2.08278e+02  7.88109e-01 
 2.10206e+02  8.91543e-01 
 2.12135e+02  9.94875e-01 
 2.14063e+02  9.25209e-01 
 2.15992e+02  9.24671e-01 
 2.17920e+02  9.50163e-01 
 2.19849e+02  9.55549e-01 
 2.21777e+02  9.21778e-01 
 2.23706e+02  8.84431e-01 
 2.25634e+02  8.49217e-01 
 2.27563e+02  8.36787e-01 
 2.29491e+02  9.15914e-01 
 2.31420e+02  9.38541e-01 
 2.33348e+02  9.38526e-01 
 2.35277e+02  9.60419e-01 
 2.37205e+02  9.77483e-01 
 2.39134e+02  9.82527e-01 
 2.41062e+02  9.73140e-01 
 2.42991e+02  9.46870e-01 
 2.44919e+02  9.02838e-01 
 2.46848e+02  8.76150e-01 
 2.48776e+02  8.97490e-01 
 2.50705e+02  9.44437e-01 
 2.52633e+02  9.06814e-01 
 2.54562e+02  8.89296e-01 
 2.56490e+02  9.68162e-01 
 2.58419e+02  1.00229e+00 
 2.60347e+02  9.94078e-01 
 2.62276e+02  9.81901e-01 
 2.64204e+02  9.76353e-01 
 2.66133e+02  9.61809e-01 
 2.68061e+02  9.77259e-01 
 2.69990e+02  9.93468e-01 
 2.71918e+02  1.00316e+00 
 2.73847e+02  9.90177e-01 
 2.75775e+02  9.40718e-01 
 2.77704e+02  8.70405e-01 
 2.79632e+02  8.75612e-01 
 2.81561e+02  9.09428e-01 
 2.83489e+02  9.52923e-01 
 2.85418e+02  9.89397e-01 
 2.87346e+02  9.79114e-01 
 2.89275e+02  9.58334e-01 
 2.91203e+02  9.68077e-01 
 2.93132e+02  9.86694e-01 
 2.95060e+02  9.87290e-01 
 2.96989e+02  9.74706e-01 
 2.98917e+02  9.73497e-01 
 3.00846e+02  9.48553e-01 
 3.02774e+02  9.03849e-01 
 3.04703e+02  9.67251e-01 
 3.06631e+02  9.97527e-01 
 3.08560e+02  9.93097e-01 
 3.10488e+02  9.94085e-01 
 3.12417e+02  9.88916e-01 
 3.14345e+02  9.77656e-01 
 3.16274e+02  9.83201e-01 
 3.18202e+02  9.87547e-01 
 3.20131e+02  9.93557e-01 
 3.22059e+02  9.71667e-01 
 3.23988e+02  9.42113e-01 
 3.25916e+02  9.41847e-01 
 3.27845e+02  9.38269e-01 
 3.29773e+02  9.76284e-01 
 3.31702e+02  9.98860e-01 
 3.33630e+02  9.87344e-01 
 3.35559e+02  9.75465e-01 
 3.37487e+02  9.88388e-01 
 3.39416e+02  9.93167e-01 
 3.41344e+02  9.92212e-01 
 3.43273e+02  9.94429e-01 
 3.45201e+02  9.97524e-01 
 3.47130e+02  9.93976e-01 
 3.49058e+02  9.67899e-01 
 3.50987e+02  9.47276e-01 
 3.52915e+02  9.54834e-01 
 3.54844e+02  9.68824e-01 
 3.56772e+02  9.79592e-01 
 3.58701e+02  9.82656e-01 
 3.60629e+02  9.91595e-01 
 3.62558e+02  9.92753e-01 
 3.64486e+02  9.90859e-01 
 3.66415e+02  9.92261e-01 
 3.68343e+02  9.89416e-01 
 3.70272e+02  9.89628e-01 
 3.72200e+02  9.90970e-01 
 3.74129e+02  9.69138e-01 
 3.76057e+02  9.68020e-01 
 3.77986e+02  9.90301e-01 
 3.79914e+02  1.00061e+00 
 3.81843e+02  9.99153e-01 
 3.83771e+02  9.93719e-01 
 3.85700e+02  9.92917e-01 
 3.87628e+02  1.00122e+00 
 3.89557e+02  1.00229e+00 
 3.91485e+02  9.98254e-01 
 3.93414e+02  9.87082e-01 
 3.95342e+02  9.80650e-01 
 3.97271e+02  9.74896e-01 
 3.99199e+02  9.77822e-01 
 4.01128e+02  9.91776e-01 
 4.03056e+02  9.97839e-01 
 4.04985e+02  9.98212e-01 
 4.06913e+02  9.95001e-01 
 4.08842e+02  9.96965e-01 
 4.10770e+02  9.98328e-01 
 4.12699e+02  9.98488e-01 
 4.14627e+02  9.98055e-01 
 4.16556e+02  9.91002e-01 
 4.18484e+02  9.73830e-01 
 4.20413e+02  9.79789e-01 
 4.22341e+02  9.93540e-01 
 4.24270e+02  9.96769e-01 
 4.26198e+02  9.95490e-01 
 4.28127e+02  9.94593e-01 
 4.30055e+02  9.95102e-01 
 4.31984e+02  9.97633e-01 
 4.33912e+02  9.97985e-01 
 4.35841e+02  9.96393e-01 
 4.37769e+02  9.98268e-01 
 4.39698e+02  9.98402e-01 
 4.41626e+02  9.94007e-01 
 4.43555e+02  9.92538e-01 
 4.45483e+02  9.95521e-01 
 4.47412e+02  9.97571e-01 
 4.49340e+02  9.99747e-01 
 4.51269e+02  9.98373e-01 
 4.53197e+02  9.96738e-01 
 4.55126e+02  9.93988e-01 
 4.57054e+02  9.88595e-01 
 4.58983e+02  9.90448e-01 
 4.60911e+02  9.95859e-01 
 4.62840e+02  9.98180e-01 
 4.64768e+02  1.00028e+00 
 4.66697e+02  9.98711e-01 
 4.68625e+02  9.95834e-01 
 4.70554e+02  9.93548e-01 
 4.72482e+02  9.92570e-01 
 4.74411e+02  9.97216e-01 
 4.76339e+02  9.99864e-01 
 4.78268e+02  1.00128e+00 
 4.80196e+02  1.00248e+00 
 4.82125e+02  9.99507e-01 
 4.84053e+02  9.95391e-01 
 4.85982e+02  9.96598e-01 
 4.87910e+02  9.99347e-01 
 4.89839e+02  9.97240e-01 
 4.91767e+02  9.94858e-01 
 4.93696e+02  9.94676e-01 
 4.95624e+02  9.96562e-01 
 4.97553e+02  9.96175e-01 
 4.99481e+02  9.96684e-01 
 5.01410e+02  1.00000e+00 
 5.03338e+02  1.00000e+00 
 5.05267e+02  1.00000e+00 
 5.07195e+02  1.00000e+00 
 5.09124e+02  1.00000e+00 
 5.11052e+02  1.00000e+00 
 5.12981e+02  1.00000e+00 
 5.14909e+02  1.00000e+00 
 5.16838e+02  1.00000e+00 
 5.18766e+02  1.00000e+00 
 5.20695e+02  1.00000e+00 
 5.22623e+02  1.00000e+00 
 5.24552e+02  1.00000e+00 
 5.26480e+02  1.00000e+00 
 5.28409e+02  1.00000e+00 
 5.30337e+02  1.00000e+00 
 5.32266e+02  1.00000e+00 
 5.34194e+02  1.00000e+00 
 5.36123e+02  1.00000e+00 
 5.38051e+02  1.00000e+00 
 5.39980e+02  1.00000e+00 
 5.41908e+02  1.00000e+00 
 5.43837e+02  1.00000e+00 
 5.45765e+02  1.00000e+00 
 5.47694e+02  1.00000e+00 
 5.49622e+02  1.00000e+00 
 5.51551e+02  1.00000e+00 
 5.53479e+02  1.00000e+00 
 5.55408e+02  1.00000e+00 
 5.57336e+02  1.00000e+00 
 5.59265e+02  1.00000e+00 
 5.61193e+02  1.00000e+00 
 5.63122e+02  1.00000e+00 
 5.65050e+02  1.00000e+00 
 5.66979e+02  1.00000e+00 
 5.68907e+02  1.00000e+00 
 5.70836e+02  1.00000e+00 
 5.72764e+02  1.00000e+00 
 5.74693e+02  1.00000e+00 
 5.76621e+02  1.00000e+00 
 5.78550e+02  1.00000e+00 
 5.80478e+02  1.00000e+00 
 5.82407e+02  1.00000e+00 
 5.84335e+02  1.00000e+00 
 5.86264e+02  1.00000e+00 
 5.88192e+02  1.00000e+00 
 5.90120e+02  1.00000e+00 
 5.92049e+02  1.00000e+00 
 5.93977e+02  1.00000e+00 
 5.95906e+02  1.00000e+00 
 5.97835e+02  1.00000e+00 
 5.99763e+02  1.00000e+00 
 6.01692e+02  1.00000e+00 
 6.03620e+02  1.00000e+00 
 6.05548e+02  1.00000e+00 
 6.07477e+02  1.00000e+00 
 6.09405e+02  1.00000e+00 
 6.11334e+02  1.00000e+00 
 6.13263e+02  1.00000e+00 
 6.15191e+02  1.00000e+00 
 6.17120e+02  1.00000e+00 
 6.19048e+02  1.00000e+00 
 6.20976e+02  1.00000e+00 
 6.22905e+02  1.00000e+00 
 6.24833e+02  1.00000e+00 
 6.26762e+02  1.00000e+00 
 6.28691e+02  1.00000e+00 
 6.30619e+02  1.00000e+00 
 6.32548e+02  1.00000e+00 
 6.34476e+02  1.00000e+00 
 6.36404e+02  1.00000e+00 
 6.38333e+02  1.00000e+00 
 6.40261e+02  1.00000e+00 
 6.42190e+02  1.00000e+00 
 6.44119e+02  1.00000e+00 
 6.46047e+02  1.00000e+00 
 6.47976e+02  1.00000e+00 
 6.49904e+02  1.00000e+00 
 6.51832e+02  1.00000e+00 
 6.53761e+02  1.00000e+00 
 6.55689e+02  1.00000e+00 
 6.57618e+02  1.00000e+00 
 6.59547e+02  1.00000e+00 
 6.61475e+02  1.00000e+00 
 6.63404e+02  1.00000e+00 
 6.65332e+02  1.00000e+00 
 6.67260e+02  1.00000e+00 
 6.69189e+02  1.00000e+00 
 6.71117e+02  1.00000e+00 
 6.73046e+02  1.00000e+00 
 6.74975e+02  1.00000e+00 
 6.76903e+02  1.00000e+00 
 6.78832e+02  1.00000e+00 
 6.80760e+02  1.00000e+00 
 6.82688e+02  1.00000e+00 
 6.84617e+02  1.00000e+00 
 6.86545e+02  1.00000e+00 
 6.88474e+02  1.00000e+00 
 6.90403e+02  1.00000e+00 
 6.92331e+02  1.00000e+00 
 6.94260e+02  1.00000e+00 
 6.96188e+02  1.00000e+00 
 6.98116e+02  1.00000e+00 
 7.00045e+02  1.00000e+00 
 7.01973e+02  1.00000e+00 
 7.03902e+02  1.00000e+00 
 7.05830e+02  1.00000e+00 
 7.07759e+02  1.00000e+00 
 7.09687e+02  1.00000e+00 
 7.11616e+02  1.00000e+00 
 7.13544e+02  1.00000e+00 
 7.15473e+02  1.00000e+00 
 7.17401e+02  1.00000e+00 
 7.19330e+02  1.00000e+00 
 7.21258e+02  1.00000e+00 
 7.23187e+02  1.00000e+00 
 7.25115e+02  1.00000e+00 
 7.27044e+02  1.00000e+00 
 7.28972e+02  1.00000e+00 
 7.30901e+02  1.00000e+00 
 7.32829e+02  1.00000e+00 
 7.34758e+02  1.00000e+00 
 7.36686e+02  1.00000e+00 
 7.38615e+02  1.00000e+00 
 7.40543e+02  1.00000e+00 
 7.42472e+02  1.00000e+00 
 7.44400e+02  1.00000e+00 
 7.46329e+02  1.00000e+00 
 7.48257e+02  1.00000e+00 
 7.50186e+02  1.00000e+00 
 7.52114e+02  1.00000e+00 
 7.54043e+02  1.00000e+00 
 7.55971e+02  1.00000e+00 
 7.57900e+02  1.00000e+00 
 7.59828e+02  1.00000e+00 
 7.61757e+02  1.00000e+00 
 7.63685e+02  1.00000e+00 
 7.65614e+02  1.00000e+00 
 7.67542e+02  1.00000e+00 
 7.69471e+02  1.00000e+00 
 7.71399e+02  1.00000e+00 
 7.73328e+02  1.00000e+00 
 7.75256e+02  1.00000e+00 
 7.77185e+02  1.00000e+00 
 7.79113e+02  1.00000e+00 
 7.81042e+02  1.00000e+00 
 7.82970e+02  1.00000e+00 
 7.84899e+02  1.00000e+00 
 7.86827e+02  1.00000e+00 
 7.88756e+02  1.00000e+00 
 7.90684e+02  1.00000e+00 
 7.92613e+02  1.00000e+00 
 7.94541e+02  1.00000e+00 
 7.96470e+02  1.00000e+00 
 7.98398e+02  1.00000e+00 
 8.00327e+02  1.00000e+00 
 8.02255e+02  1.00000e+00 
 8.04184e+02  1.00000e+00 
 8.06112e+02  1.00000e+00 
 8.08041e+02  1.00000e+00 
 8.09969e+02  1.00000e+00 
 8.11898e+02  1.00000e+00 
 8.13826e+02  1.00000e+00 
 8.15755e+02  1.00000e+00 
 8.17683e+02  1.00000e+00 
 8.19612e+02  1.00000e+00 
 8.21540e+02  1.00000e+00 
 8.23469e+02  1.00000e+00 
 8.25397e+02  1.00000e+00 
 8.27326e+02  1.00000e+00 
 8.29254e+02  1.00000e+00 
 8.31183e+02  1.00000e+00 
 8.33111e+02  1.00000e+00 
 8.35040e+02  1.00000e+00 
 8.36968e+02  1.00000e+00 
 8.38897e+02  1.00000e+00 
 8.40825e+02  1.00000e+00 
 8.42754e+02  1.00000e+00 
 8.44682e+02  1.00000e+00 
 8.46611e+02  1.00000e+00 
 8.48539e+02  1.00000e+00 
 8.50468e+02  1.00000e+00 
 8.52396e+02  1.00000e+00 
 8.54325e+02  1.00000e+00 
 8.56253e+02  1.00000e+00 
 8.58182e+02  1.00000e+00 
 8.60110e+02  1.00000e+00 
 8.62039e+02  1.00000e+00 
 8.63967e+02  1.00000e+00 
 8.65896e+02  1.00000e+00 
 8.67824e+02  1.00000e+00 
 8.69753e+02  1.00000e+00 
 8.71681e+02  1.00000e+00 
 8.73610e+02  1.00000e+00 
 8.75538e+02  1.00000e+00 
 8.77467e+02  1.00000e+00 
 8.79395e+02  1.00000e+00 
 8.81324e+02  1.00000e+00 
 8.83252e+02  1.00000e+00 
 8.85181e+02  1.00000e+00 
 8.87109e+02  1.00000e+00 
 8.89038e+02  1.00000e+00 
 8.90966e+02  1.00000e+00 
 8.92895e+02  1.00000e+00 
 8.94823e+02  1.00000e+00 
 8.96752e+02  1.00000e+00 
 8.98680e+02  1.00000e+00 
 9.00609e+02  1.00000e+00 
 9.02537e+02  1.00000e+00 
 9.04466e+02  1.00000e+00 
 9.06394e+02  1.00000e+00 
 9.08323e+02  1.00000e+00 
 9.10251e+02  1.00000e+00 
 9.12180e+02  1.00000e+00 
 9.14108e+02  1.00000e+00 
 9.16037e+02  1.00000e+00 
 9.17965e+02  1.00000e+00 
 9.19894e+02  1.00000e+00 
 9.21822e+02  1.00000e+00 
 9.23751e+02  1.00000e+00 
 9.25679e+02  1.00000e+00 
 9.27608e+02  1.00000e+00 
 9.29536e+02  1.00000e+00 
 9.31465e+02  1.00000e+00 
 9.33393e+02  1.00000e+00 
 9.35322e+02  1.00000e+00 
 9.37250e+02  1.00000e+00 
 9.39179e+02  1.00000e+00 
 9.41107e+02  1.00000e+00 
 9.43036e+02  1.00000e+00 
 9.44964e+02  1.00000e+00 
 9.46893e+02  1.00000e+00 
 9.48821e+02  1.00000e+00 
 9.50750e+02  1.00000e+00 
 9.52678e+02  1.00000e+00 
 9.54607e+02  1.00000e+00 
 9.56535e+02  1.00000e+00 
 9.58464e+02  1.00000e+00 
 9.60392e+02  1.00000e+00 
 9.62321e+02  1.00000e+00 
 9.64249e+02  1.00000e+00 
 9.66178e+02  1.00000e+00 
 9.68106e+02  1.00000e+00 
 9.70035e+02  1.00000e+00 
 9.71963e+02  1.00000e+00 
 9.73892e+02  1.00000e+00 
 9.75820e+02  1.00000e+00 
 9.77749e+02  1.00000e+00 
 9.79677e+02  1.00000e+00 
 9.81606e+02  1.00000e+00 
 9.83534e+02  1.00000e+00 
 9.85463e+02  1.00000e+00 
 9.87391e+02  1.00000e+00 
 9.89320e+02  1.00000e+00 
 9.91248e+02  1.00000e+00 
 9.93177e+02  1.00000e+00 
 9.95105e+02  1.00000e+00 
 9.97034e+02  1.00000e+00 
 9.98962e+02  1.00000e+00 
 1.00089e+03  1.00000e+00 
 1.00282e+03  1.00000e+00 
 1.00475e+03  1.00000e+00 
 1.00668e+03  1.00000e+00 
 1.00861e+03  1.00000e+00 
 1.01053e+03  1.00000e+00 
 1.01246e+03  1.00000e+00 
 1.01439e+03  1.00000e+00 
 1.01632e+03  1.00000e+00 
 1.01825e+03  1.00000e+00 
 1.02018e+03  1.00000e+00 
 1.02210e+03  1.00000e+00 
 1.02403e+03  1.00000e+00 
 1.02596e+03  1.00000e+00 
 1.02789e+03  1.00000e+00 
 1.02982e+03  1.00000e+00 
 1.03175e+03  1.00000e+00 
 1.03367e+03  1.00000e+00 
 1.03560e+03  1.00000e+00 
 1.03753e+03  1.00000e+00 
 1.03946e+03  1.00000e+00 
 1.04139e+03  1.00000e+00 
 1.04332e+03  1.00000e+00 
 1.04525e+03  1.00000e+00 
 1.04717e+03  1.00000e+00 
 1.04910e+03  1.00000e+00 
 1.05103e+03  1.00000e+00 
 1.05296e+03  1.00000e+00 
 1.05489e+03  1.00000e+00 
 1.05682e+03  1.00000e+00 
 1.05875e+03  1.00000e+00 
 1.06067e+03  1.00000e+00 
 1.06260e+03  1.00000e+00 
 1.06453e+03  1.00000e+00 
 1.06646e+03  1.00000e+00 
 1.06839e+03  1.00000e+00 
 1.07032e+03  1.00000e+00 
 1.07224e+03  1.00000e+00 
 1.07417e+03  1.00000e+00 
 1.07610e+03  1.00000e+00 
 1.07803e+03  1.00000e+00 
 1.07996e+03  1.00000e+00 
 1.08189e+03  1.00000e+00 
 1.08382e+03  1.00000e+00 
 1.08574e+03  1.00000e+00 
 1.08767e+03  1.00000e+00 
 1.08960e+03  1.00000e+00 
 1.09153e+03  1.00000e+00 
 1.09346e+03  1.00000e+00 
 1.09539e+03  1.00000e+00 
 1.09732e+03  1.00000e+00 
 1.09924e+03  1.00000e+00 
 1.10117e+03  1.00000e+00 
 1.10310e+03  1.00000e+00 
 1.10503e+03  1.00000e+00 
 1.10696e+03  1.00000e+00 
 1.10889e+03  1.00000e+00 
 1.11082e+03  1.00000e+00 
 1.11274e+03  1.00000e+00 
 1.11467e+03  1.00000e+00 
 1.11660e+03  1.00000e+00 
 1.11853e+03  1.00000e+00 
 1.12046e+03  1.00000e+00 
 1.12239e+03  1.00000e+00 
 1.12432e+03  1.00000e+00 
 1.12624e+03  1.00000e+00 
 1.12817e+03  1.00000e+00 
 1.13010e+03  1.00000e+00 
 1.13203e+03  1.00000e+00 
 1.13396e+03  1.00000e+00 
 1.13589e+03  1.00000e+00 
 1.13781e+03  1.00000e+00 
 1.13974e+03  1.00000e+00 
 1.14167e+03  1.00000e+00 
 1.14360e+03  1.00000e+00 
 1.14553e+03  1.00000e+00 
 1.14746e+03  1.00000e+00 
 1.14938e+03  1.00000e+00 
 1.15131e+03  1.00000e+00 
 1.15324e+03  1.00000e+00 
 1.15517e+03  1.00000e+00 
 1.15710e+03  1.00000e+00 
 1.15903e+03  1.00000e+00 
 1.16096e+03  1.00000e+00 
 1.16288e+03  1.00000e+00 
 1.16481e+03  1.00000e+00 
 1.16674e+03  1.00000e+00 
 1.16867e+03  1.00000e+00 
 1.17060e+03  1.00000e+00 
 1.17253e+03  1.00000e+00 
 1.17446e+03  1.00000e+00 
 1.17638e+03  1.00000e+00 
 1.17831e+03  1.00000e+00 
 1.18024e+03  1.00000e+00 
 1.18217e+03  1.00000e+00 
 1.18410e+03  1.00000e+00 
 1.18603e+03  1.00000e+00 
 1.18795e+03  1.00000e+00 
 1.18988e+03  1.00000e+00 
 1.19181e+03  1.00000e+00 
 1.19374e+03  1.00000e+00 
 1.19567e+03  1.00000e+00 
 1.19760e+03  1.00000e+00 
 1.19953e+03  1.00000e+00 
 1.20145e+03  1.00000e+00 
 1.20338e+03  1.00000e+00 
 1.20531e+03  1.00000e+00 
 1.20724e+03  1.00000e+00 
 1.20917e+03  1.00000e+00 
 1.21110e+03  1.00000e+00 
 1.21303e+03  1.00000e+00 
 1.21495e+03  1.00000e+00 
 1.21688e+03  1.00000e+00 
 1.21881e+03  1.00000e+00 
 1.22074e+03  1.00000e+00 
 1.22267e+03  1.00000e+00 
 1.22460e+03  1.00000e+00 
 1.22653e+03  1.00000e+00 
 1.22845e+03  1.00000e+00 
 1.23038e+03  1.00000e+00 
 1.23231e+03  1.00000e+00 
 1.23424e+03  1.00000e+00 
 1.23617e+03  1.00000e+00 
 1.23810e+03  1.00000e+00 
 1.24003e+03  1.00000e+00 
 1.24195e+03  1.00000e+00 
 1.24388e+03  1.00000e+00 
 1.24581e+03  1.00000e+00 
 1.24774e+03  1.00000e+00 
 1.24967e+03  1.00000e+00 
 1.25160e+03  1.00000e+00 
 1.25352e+03  1.00000e+00 
 1.25545e+03  1.00000e+00 
 1.25738e+03  1.00000e+00 
 1.25931e+03  1.00000e+00 
 1.26124e+03  1.00000e+00 
 1.26317e+03  1.00000e+00 
 1.26510e+03  1.00000e+00 
 1.26702e+03  1.00000e+00 
 1.26895e+03  1.00000e+00 
 1.27088e+03  1.00000e+00 
 1.27281e+03  1.00000e+00 
 1.27474e+03  1.00000e+00 
 1.27667e+03  1.00000e+00 
 1.27859e+03  1.00000e+00 
 1.28052e+03  1.00000e+00 
 1.28245e+03  1.00000e+00 
 1.28438e+03  1.00000e+00 
 1.28631e+03  1.00000e+00 
 1.28824e+03  1.00000e+00 
 1.29017e+03  1.00000e+00 
 1.29209e+03  1.00000e+00 
 1.29402e+03  1.00000e+00 
 1.29595e+03  1.00000e+00 
 1.29788e+03  1.00000e+00 
 1.29981e+03  1.00000e+00 
 1.30174e+03  1.00000e+00 
 1.30366e+03  1.00000e+00 
 1.30559e+03  1.00000e+00 
 1.30752e+03  1.00000e+00 
 1.30945e+03  1.00000e+00 
 1.31138e+03  1.00000e+00 
 1.31331e+03  1.00000e+00 
 1.31524e+03  1.00000e+00 
 1.31716e+03  1.00000e+00 
 1.31909e+03  1.00000e+00 
 1.32102e+03  1.00000e+00 
 1.32295e+03  1.00000e+00 
 1.32488e+03  1.00000e+00 
 1.32681e+03  1.00000e+00 
 1.32873e+03  1.00000e+00 
 1.33066e+03  1.00000e+00 
 1.33259e+03  1.00000e+00 
 1.33452e+03  1.00000e+00 
 1.33645e+03  1.00000e+00 
 1.33838e+03  1.00000e+00 
 1.34031e+03  1.00000e+00 
 1.34223e+03  1.00000e+00 
 1.34416e+03  1.00000e+00 
 1.34609e+03  1.00000e+00 
 1.34802e+03  1.00000e+00 
 1.34995e+03  1.00000e+00 
 1.35188e+03  1.00000e+00 
 1.35381e+03  1.00000e+00 
 1.35573e+03  1.00000e+00 
 1.35766e+03  1.00000e+00 
 1.35959e+03  1.00000e+00 
 1.36152e+03  1.00000e+00 
 1.36345e+03  1.00000e+00 
 1.36538e+03  1.00000e+00 
 1.36731e+03  1.00000e+00 
 1.36923e+03  1.00000e+00 
 1.37116e+03  1.00000e+00 
 1.37309e+03  1.00000e+00 
 1.37502e+03  1.00000e+00 
 1.37695e+03  1.00000e+00 
 1.37888e+03  1.00000e+00 
 1.38081e+03  1.00000e+00 
 1.38273e+03  9.98680e-01 
 1.38466e+03  9.97335e-01 
 1.38659e+03  9.91045e-01 
 1.38852e+03  9.92019e-01 
 1.39045e+03  9.96890e-01 
 1.39238e+03  9.92682e-01 
 1.39430e+03  9.86218e-01 
 1.39623e+03  9.88685e-01 
 1.39816e+03  9.88486e-01 
 1.40009e+03  9.92017e-01 
 1.40202e+03  9.96265e-01 
 1.40395e+03  9.92963e-01 
 1.40588e+03  9.93928e-01 
 1.40780e+03  9.97677e-01 
 1.40973e+03  9.97624e-01 
 1.41166e+03  9.97492e-01 
 1.41359e+03  9.97976e-01 
 1.41552e+03  9.95308e-01 
 1.41745e+03  9.83432e-01 
 1.41938e+03  9.76879e-01 
 1.42130e+03  9.90180e-01 
 1.42323e+03  9.94343e-01 
 1.42516e+03  9.95331e-01 
 1.42709e+03  9.95984e-01 
 1.42902e+03  9.91827e-01 
 1.43095e+03  9.92648e-01 
 1.43287e+03  9.96514e-01 
 1.43480e+03  9.85721e-01 
 1.43673e+03  9.74472e-01 
 1.43866e+03  9.89227e-01 
 1.44059e+03  9.96319e-01 
 1.44252e+03  9.97237e-01 
 1.44444e+03  9.98368e-01 
 1.44637e+03  9.94025e-01 
 1.44830e+03  9.90852e-01 
 1.45023e+03  9.95415e-01 
 1.45216e+03  9.94879e-01 
 1.45409e+03  9.84822e-01 
 1.45602e+03  9.57578e-01 
 1.45794e+03  9.62462e-01 
 1.45987e+03  9.87491e-01 
 1.46180e+03  9.94194e-01 
 1.46373e+03  9.86009e-01 
 1.46566e+03  9.87162e-01 
 1.46759e+03  9.96957e-01 
 1.46952e+03  9.92101e-01 
 1.47144e+03  9.73649e-01 
 1.47337e+03  9.71435e-01 
 1.47530e+03  9.84148e-01 
 1.47723e+03  9.92732e-01 
 1.47916e+03  9.97854e-01 
 1.48109e+03  9.96922e-01 
 1.48302e+03  9.96459e-01 
 1.48494e+03  9.93430e-01 
 1.48687e+03  9.87711e-01 
 1.48880e+03  9.81308e-01 
 1.49073e+03  9.82565e-01 
 1.49266e+03  9.90554e-01 
 1.49459e+03  9.83652e-01 
 1.49652e+03  9.75308e-01 
 1.49844e+03  9.81919e-01 
 1.50037e+03  9.90482e-01 
 1.50230e+03  9.92746e-01 
 1.50423e+03  9.69152e-01 
 1.50616e+03  9.42007e-01 
 1.50809e+03  9.60084e-01 
 1.51001e+03  9.83349e-01 
 1.51194e+03  9.87756e-01 
 1.51387e+03  9.90600e-01 
 1.51580e+03  9.82042e-01 
 1.51773e+03  9.76836e-01 
 1.51966e+03  9.65781e-01 
 1.52159e+03  9.58317e-01 
 1.52351e+03  9.76336e-01 
 1.52544e+03  9.82187e-01 
 1.52737e+03  9.86995e-01 
 1.52930e+03  9.91025e-01 
 1.53123e+03  9.87438e-01 
 1.53316e+03  9.78876e-01 
 1.53509e+03  9.87169e-01 
 1.53701e+03  9.75935e-01 
 1.53894e+03  9.42859e-01 
 1.54087e+03  9.43597e-01 
 1.54280e+03  9.64895e-01 
 1.54473e+03  9.78754e-01 
 1.54666e+03  9.91241e-01 
 1.54858e+03  9.91687e-01 
 1.55051e+03  9.90622e-01 
 1.55244e+03  9.86091e-01 
 1.55437e+03  9.78625e-01 
 1.55630e+03  9.64070e-01 
 1.55823e+03  9.28404e-01 
 1.56015e+03  9.41434e-01 
 1.56208e+03  9.81599e-01 
 1.56401e+03  9.90822e-01 
 1.56594e+03  9.91027e-01 
 1.56787e+03  9.85017e-01 
 1.56980e+03  9.81413e-01 
 1.57173e+03  9.92769e-01 
 1.57365e+03  9.87531e-01 
 1.57558e+03  9.67150e-01 
 1.57751e+03  9.81021e-01 
 1.57944e+03  9.98313e-01 
 1.58137e+03  9.98072e-01 
 1.58330e+03  9.99399e-01 
 1.58523e+03  9.98949e-01 
 1.58715e+03  9.99258e-01 
 1.58908e+03  9.98407e-01 
 1.59101e+03  9.99083e-01 
 1.59294e+03  9.98342e-01 
 1.59487e+03  9.97195e-01 
 1.59680e+03  9.98644e-01 
 1.59872e+03  1.00078e+00 
 1.60065e+03  1.00051e+00 
 1.60258e+03  9.97830e-01 
 1.60451e+03  9.96681e-01 
 1.60644e+03  9.95947e-01 
 1.60837e+03  9.94123e-01 
 1.61030e+03  9.95554e-01 
 1.61222e+03  9.97450e-01 
 1.61415e+03  9.86788e-01 
 1.61608e+03  9.66675e-01 
 1.61801e+03  9.79643e-01 
 1.61994e+03  9.95475e-01 
 1.62187e+03  9.89917e-01 
 1.62380e+03  9.86170e-01 
 1.62572e+03  9.90915e-01 
 1.62765e+03  9.94224e-01 
 1.62958e+03  9.98809e-01 
 1.63151e+03  9.97768e-01 
 1.63344e+03  9.79869e-01 
 1.63537e+03  9.61777e-01 
 1.63730e+03  9.78326e-01 
 1.63922e+03  9.93895e-01 
 1.64115e+03  9.97798e-01 
 1.64308e+03  9.94548e-01 
 1.64501e+03  9.74731e-01 
 1.64694e+03  9.68711e-01 
 1.64887e+03  9.83577e-01 
 1.65080e+03  9.61134e-01 
 1.65272e+03  9.24397e-01 
 1.65465e+03  9.56680e-01 
 1.65658e+03  9.91509e-01 
 1.65851e+03  9.98821e-01 
 1.66044e+03  9.95741e-01 
 1.66237e+03  9.87028e-01 
 1.66429e+03  9.92272e-01 
 1.66622e+03  9.95297e-01 
 1.66815e+03  9.81682e-01 
 1.67008e+03  9.78814e-01 
 1.67201e+03  9.87790e-01 
 1.67394e+03  9.80484e-01 
 1.67587e+03  9.78760e-01 
 1.67779e+03  9.92237e-01 
 1.67972e+03  9.93296e-01 
 1.68165e+03  9.79651e-01 
 1.68358e+03  9.48741e-01 
 1.68551e+03  9.60837e-01 
 1.68744e+03  9.89786e-01 
 1.68937e+03  9.95795e-01 
 1.69129e+03  9.97544e-01 
 1.69322e+03  9.86775e-01 
 1.69515e+03  9.58276e-01 
 1.69708e+03  9.60959e-01 
 1.69901e+03  9.52442e-01 
 1.70094e+03  9.51545e-01 
 1.70286e+03  9.81987e-01 
 1.70479e+03  9.84811e-01 
 1.70672e+03  9.89001e-01 
 1.70865e+03  9.94508e-01 
 1.71058e+03  9.96683e-01 
 1.71251e+03  9.90654e-01 
 1.71443e+03  9.77200e-01 
 1.71636e+03  9.59542e-01 
 1.71829e+03  9.66220e-01 
 1.72022e+03  9.89900e-01 
 1.72215e+03  9.97309e-01 
 1.72408e+03  9.97531e-01 
 1.72601e+03  9.99071e-01 
 1.72793e+03  9.94654e-01 
 1.72986e+03  9.89943e-01 
 1.73179e+03  9.75505e-01 
 1.73372e+03  9.54933e-01 
 1.73565e+03  9.75565e-01 
 1.73758e+03  9.90878e-01 
 1.73951e+03  9.82936e-01 
 1.74143e+03  9.88585e-01 
 1.74336e+03  9.93840e-01 
 1.74529e+03  9.94222e-01 
 1.74722e+03  9.90217e-01 
 1.74915e+03  9.84436e-01 
 1.75108e+03  9.80538e-01 
 1.75301e+03  9.90631e-01 
 1.75493e+03  9.92675e-01 
 1.75686e+03  9.89498e-01 
 1.75879e+03  9.92997e-01 
 1.76072e+03  9.90005e-01 
 1.76265e+03  9.88718e-01 
 1.76458e+03  9.97298e-01 
 1.76651e+03  9.93415e-01 
 1.76843e+03  9.89034e-01 
 1.77036e+03  9.82362e-01 
 1.77229e+03  9.72343e-01 
 1.77422e+03  9.85569e-01 
 1.77615e+03  9.95367e-01 
 1.77808e+03  9.98304e-01 
 1.78000e+03  1.00024e+00 
 1.78193e+03  9.97442e-01 
 1.78386e+03  9.92998e-01 
 1.78579e+03  9.95876e-01 
 1.78772e+03  9.98409e-01 
 1.78965e+03  9.90417e-01 
 1.79158e+03  9.81304e-01 
 1.79350e+03  9.86068e-01 
 1.79543e+03  9.96675e-01 
 1.79736e+03  9.97959e-01 
 1.79929e+03  9.95028e-01 
 1.80122e+03  9.94112e-01 
 1.80315e+03  9.98247e-01 
 1.80508e+03  1.00206e+00 
 1.80700e+03  1.00106e+00 
 1.80893e+03  9.96102e-01 
 1.81086e+03  9.97633e-01 
 1.81279e+03  1.00088e+00 
 1.81472e+03  1.00282e+00 
 1.81665e+03  9.99762e-01 
 1.81857e+03  1.00066e+00 
 1.82050e+03  1.00259e+00 
 1.82243e+03  9.98977e-01 
 1.82436e+03  9.93818e-01 
 1.82629e+03  9.95403e-01 
 1.82822e+03  9.91245e-01 
 1.83014e+03  9.87473e-01 
 1.83207e+03  9.95267e-01 
 1.83400e+03  1.00079e+00 
 1.83593e+03  1.00137e+00 
 1.83786e+03  1.00157e+00 
 1.83979e+03  1.00287e+00 
 1.84172e+03  9.96617e-01 
 1.84364e+03  9.83528e-01 
 1.84557e+03  9.86365e-01 
 1.84750e+03  9.96094e-01 
 1.84943e+03  9.98162e-01 
 1.85136e+03  9.97841e-01 
 1.85329e+03  9.98229e-01 
 1.85522e+03  1.00085e+00 
 1.85714e+03  1.00108e+00 
 1.85907e+03  9.99783e-01 
 1.86100e+03  1.00160e+00 
 1.86293e+03  1.00509e+00 
 1.86486e+03  1.00324e+00 
 1.86679e+03  9.94850e-01 
 1.86871e+03  9.91648e-01 
 1.87064e+03  9.96091e-01 
 1.87257e+03  9.99082e-01 
 1.87450e+03  9.99735e-01 
 1.87643e+03  9.99421e-01 
 1.87836e+03  9.97889e-01 
 1.88029e+03  9.98390e-01 
 1.88221e+03  9.98748e-01 
 1.88414e+03  9.99518e-01 
 1.88607e+03  1.00219e+00 
 1.88800e+03  1.00210e+00 
 1.88993e+03  1.00180e+00 
 1.89186e+03  1.00305e+00 
 1.89379e+03  1.00116e+00 
 1.89571e+03  9.98105e-01 
 1.89764e+03  9.95483e-01 
 1.89957e+03  9.96408e-01 
 1.90150e+03  9.97754e-01 
 1.90343e+03  9.98180e-01 
 1.90536e+03  9.98582e-01 
 1.90729e+03  9.98555e-01 
 1.90921e+03  9.97268e-01 
 1.91114e+03  1.00094e+00 
 1.91307e+03  1.00195e+00 
 1.91500e+03  1.00060e+00 
 1.91693e+03  9.94813e-01 
 1.91886e+03  9.93704e-01 
 1.92079e+03  9.98804e-01 
 1.92271e+03  9.98256e-01 
 1.92464e+03  9.95227e-01 
 1.92657e+03  9.96944e-01 
 1.92850e+03  9.99427e-01 
 1.93043e+03  9.97920e-01 
 1.93236e+03  9.96007e-01 
 1.93428e+03  9.96959e-01 
 1.93621e+03  1.00042e+00 
 1.93814e+03  1.00047e+00 
 1.94007e+03  9.98958e-01 
 1.94200e+03  9.99118e-01 
 1.94393e+03  9.98938e-01 
 1.94586e+03  1.00090e+00 
 1.94778e+03  1.00180e+00 
 1.94971e+03  1.00293e+00 
 1.95164e+03  1.00278e+00 
 1.95357e+03  1.00039e+00 
 1.95550e+03  9.97614e-01 
 1.95743e+03  1.00132e+00 
 1.95935e+03  1.00342e+00 
 1.96128e+03  1.00066e+00 
 1.96321e+03  1.00096e+00 
 1.96514e+03  1.00112e+00 
 1.96707e+03  9.98769e-01 
 1.96900e+03  9.99213e-01 
 1.97092e+03  1.00107e+00 
 1.97285e+03  9.99092e-01 
 1.97478e+03  9.99816e-01 
 1.97671e+03  1.00241e+00 
 1.97864e+03  9.96859e-01 
 1.98057e+03  9.89868e-01 
 1.98250e+03  9.95310e-01 
 1.98442e+03  1.00026e+00 
 1.98635e+03  1.00185e+00 
 1.98828e+03  1.00319e+00 
 1.99021e+03  9.99991e-01 
 1.99214e+03  9.98292e-01 
 1.99407e+03  9.99938e-01 
 1.99600e+03  9.98496e-01 
 1.99792e+03  9.98178e-01 
 1.99985e+03  9.94618e-01 
 2.00178e+03  9.97752e-01 
 2.00371e+03  1.00555e+00 
 2.00564e+03  1.00467e+00 
 2.00757e+03  9.99139e-01 
 2.00949e+03  1.00140e+00 
 2.01142e+03  1.00288e+00 
 2.01335e+03  9.99983e-01 
 2.01528e+03  9.96993e-01 
 2.01721e+03  9.99904e-01 
 2.01914e+03  1.00626e+00 
 2.02107e+03  1.00453e+00 
 2.02299e+03  1.00196e+00 
 2.02492e+03  1.00066e+00 
 2.02685e+03  9.99903e-01 
 2.02878e+03  1.00041e+00 
 2.03071e+03  9.95676e-01 
 2.03264e+03  9.92936e-01 
 2.03457e+03  9.93392e-01 
 2.03649e+03  9.97956e-01 
 2.03842e+03  1.00058e+00 
 2.04035e+03  1.00165e+00 
 2.04228e+03  1.00304e+00 
 2.04421e+03  9.97164e-01 
 2.04614e+03  9.94922e-01 
 2.04807e+03  9.95766e-01 
 2.04999e+03  1.00014e+00 
 2.05192e+03  1.00199e+00 
 2.05385e+03  9.99300e-01 
 2.05578e+03  9.95461e-01 
 2.05771e+03  9.95973e-01 
 2.05964e+03  1.00025e+00 
 2.06157e+03  1.00163e+00 
 2.06349e+03  9.98211e-01 
 2.06542e+03  9.98264e-01 
 2.06735e+03  1.00103e+00 
 2.06928e+03  1.00085e+00 
 2.07121e+03  1.00269e+00 
 2.07314e+03  1.00090e+00 
 2.07506e+03  1.00081e+00 
 2.07699e+03  1.00130e+00 
 2.07892e+03  9.99492e-01 
 2.08085e+03  1.00236e+00 
 2.08278e+03  1.00506e+00 
 2.08471e+03  9.97508e-01 
 2.08664e+03  9.92825e-01 
 2.08856e+03  1.00115e+00 
 2.09049e+03  1.00406e+00 
 2.09242e+03  1.00503e+00 
 2.09435e+03  1.00060e+00 
 2.09628e+03  1.00018e+00 
 2.09821e+03  9.99088e-01 
 2.10014e+03  9.97080e-01 
 2.10206e+03  1.00002e+00 
 2.10399e+03  9.99527e-01 
 2.10592e+03  1.00166e+00 
 2.10785e+03  1.00644e+00 
 2.10978e+03  1.00382e+00 
 2.11171e+03  1.00159e+00 
 2.11363e+03  1.00217e+00 
 2.11556e+03  1.00239e+00 
 2.11749e+03  9.99765e-01 
 2.11942e+03  9.95105e-01 
 2.12135e+03  9.96359e-01 
 2.12328e+03  1.00317e+00 
 2.12520e+03  1.00238e+00 
 2.12713e+03  1.00446e+00 
 2.12906e+03  1.00521e+00 
 2.13099e+03  1.00312e+00 
 2.13292e+03  1.00059e+00 
 2.13485e+03  9.99209e-01 
 2.13678e+03  9.98217e-01 
 2.13870e+03  9.98258e-01 
 2.14063e+03  9.93264e-01 
 2.14256e+03  9.91943e-01 
 2.14449e+03  9.94478e-01 
 2.14642e+03  1.00265e+00 
 2.14835e+03  1.00289e+00 
 2.15028e+03  9.99919e-01 
 2.15220e+03  1.00239e+00 
 2.15413e+03  9.98859e-01 
 2.15606e+03  9.94719e-01 
 2.15799e+03  9.97356e-01 
 2.15992e+03  1.00075e+00 
 2.16185e+03  1.00397e+00 
 2.16378e+03  1.00373e+00 
 2.16570e+03  1.00008e+00 
 2.16763e+03  9.95860e-01 
 2.16956e+03  9.93172e-01 
 2.17149e+03  9.94673e-01 
 2.17342e+03  9.95054e-01 
 2.17535e+03  9.94137e-01 
 2.17728e+03  9.97916e-01 
 2.17920e+03  1.00179e+00 
 2.18113e+03  1.00191e+00 
 2.18306e+03  9.96719e-01 
 2.18499e+03  9.97514e-01 
 2.18692e+03  9.98960e-01 
 2.18885e+03  9.95870e-01 
 2.19077e+03  9.97269e-01 
 2.19270e+03  1.00352e+00 
 2.19463e+03  1.00516e+00 
 2.19656e+03  1.00361e+00 
 2.19849e+03  1.00149e+00 
 2.20042e+03  1.00131e+00 
 2.20234e+03  1.00052e+00 
 2.20427e+03  1.00301e+00 
 2.20620e+03  1.00013e+00 
 2.20813e+03  9.91353e-01 
 2.21006e+03  9.91725e-01 
 2.21199e+03  9.99322e-01 
 2.21392e+03  1.00469e+00 
 2.21584e+03  9.98166e-01 
 2.21777e+03  9.91677e-01 
 2.21970e+03  9.96444e-01 
 2.22163e+03  9.98985e-01 
 2.22356e+03  9.95216e-01 
 2.22549e+03  9.97370e-01 
 2.22742e+03  9.97943e-01 
 2.22934e+03  9.95957e-01 
 2.23127e+03  9.93762e-01 
 2.23320e+03  9.93397e-01 
 2.23513e+03  9.98025e-01 
 2.23706e+03  1.00315e+00 
 2.23899e+03  1.00496e+00 
 2.24091e+03  9.97121e-01 
 2.24284e+03  9.86874e-01 
 2.24477e+03  9.90700e-01 
 2.24670e+03  9.99792e-01 
 2.24863e+03  9.98693e-01 
 2.25056e+03  9.96647e-01 
 2.25249e+03  1.00385e+00 
 2.25441e+03  1.00515e+00 
 2.25634e+03  9.97776e-01 
 2.25827e+03  9.95762e-01 
 2.26020e+03  1.00131e+00 
 2.26213e+03  1.00160e+00 
 2.26406e+03  1.00050e+00 
 2.26599e+03  1.00505e+00 
 2.26791e+03  1.00275e+00 
 2.26984e+03  9.89634e-01 
 2.27177e+03  9.95972e-01 
 2.27370e+03  1.00292e+00 
 2.27563e+03  9.97142e-01 
 2.27756e+03  9.91128e-01 
 2.27949e+03  9.94459e-01 
 2.28141e+03  9.99131e-01 
 2.28334e+03  1.00099e+00 
 2.28527e+03  9.98076e-01 
 2.28720e+03  9.92783e-01 
 2.28913e+03  9.96736e-01 
 2.29106e+03  1.00362e+00 
 2.29299e+03  1.00416e+00 
 2.29491e+03  9.98756e-01 
 2.29684e+03  9.87526e-01 
 2.29877e+03  9.81980e-01 
 2.30070e+03  9.88364e-01 
 2.30263e+03  9.90530e-01 
 2.30456e+03  9.93229e-01 
 2.30648e+03  9.96904e-01 
 2.30841e+03  1.00134e+00 
 2.31034e+03  9.90876e-01 
 2.31227e+03  9.85716e-01 
 2.31420e+03  9.88836e-01 
 2.31613e+03  9.83137e-01 
 2.31805e+03  9.81331e-01 
 2.31998e+03  9.79463e-01 
 2.32191e+03  9.76197e-01 
 2.32384e+03  9.71834e-01 
 2.32577e+03  9.79461e-01 
 2.32770e+03  9.86615e-01 
 2.32963e+03  9.79705e-01 
 2.33155e+03  9.67225e-01 
 2.33348e+03  9.68599e-01 
 2.33541e+03  9.88023e-01 
 2.33734e+03  9.96372e-01 
 2.33927e+03  9.96571e-01 
 2.34120e+03  9.95642e-01 
 2.34313e+03  9.92378e-01 
 2.34505e+03  9.95584e-01 
 2.34698e+03  9.95907e-01 
 2.34891e+03  9.97320e-01 
 2.35084e+03  9.97487e-01 
 2.35277e+03  9.86068e-01 
 2.35470e+03  9.77099e-01 
 2.35662e+03  9.74275e-01 
 2.35855e+03  9.73931e-01 
 2.36048e+03  9.76667e-01 
 2.36241e+03  9.71454e-01 
 2.36434e+03  9.60007e-01 
 2.36627e+03  9.69802e-01 
 2.36820e+03  9.91998e-01 
 2.37012e+03  9.88784e-01 
 2.37205e+03  9.80064e-01 
 2.37398e+03  9.88775e-01 
 2.37591e+03  9.94610e-01 
 2.37784e+03  9.88238e-01 
 2.37977e+03  9.87616e-01 
 2.38170e+03  9.95798e-01 
 2.38362e+03  1.00684e+00 
 2.38555e+03  1.00996e+00 
 2.38748e+03  1.00503e+00 
 2.38941e+03  1.00192e+00 
 2.39134e+03  1.00451e+00 
 2.39327e+03  1.00685e+00 
 2.39520e+03  9.99858e-01 
 2.39712e+03  9.87364e-01 
 2.39905e+03  9.91586e-01 
 2.40098e+03  9.98689e-01 
 2.40291e+03  9.98086e-01 
 2.40484e+03  9.92388e-01 
 2.40677e+03  9.85326e-01 
 2.40870e+03  9.86752e-01 
 2.41062e+03  9.93754e-01 
 2.41255e+03  9.98089e-01 
 2.41448e+03  1.00375e+00 
 2.41641e+03  1.00145e+00 
 2.41834e+03  1.00019e+00 
 2.42027e+03  9.96658e-01 
 2.42219e+03  9.93035e-01 
 2.42412e+03  1.00112e+00 
 2.42605e+03  9.88853e-01 
 2.42798e+03  9.81531e-01 
 2.42991e+03  9.89015e-01 
 2.43184e+03  1.00228e+00 
 2.43376e+03  1.00730e+00 
 2.43569e+03  9.94913e-01 
 2.43762e+03  9.99421e-01 
 2.43955e+03  1.00479e+00 
 2.44148e+03  1.00248e+00 
 2.44341e+03  1.00204e+00 
 2.44534e+03  9.95039e-01 
 2.44726e+03  1.00915e+00 
 2.44919e+03  1.01338e+00 
 2.45112e+03  1.00634e+00 
 2.45305e+03  1.01318e+00 
 2.45498e+03  1.01201e+00 
 2.45691e+03  1.00144e+00 
 2.45884e+03  1.01055e+00 
 2.46076e+03  1.00713e+00 
 2.46269e+03  1.00582e+00 
 2.46462e+03  1.01561e+00 
 2.46655e+03  1.00449e+00 
 2.46848e+03  9.92756e-01 
 2.47041e+03  9.92726e-01 
 2.47234e+03  9.84132e-01 
 2.47426e+03  9.78504e-01 
 2.47619e+03  9.84067e-01 
 2.47812e+03  9.99812e-01 
 2.48005e+03  1.00959e+00 
 2.48198e+03  1.02344e+00 
 2.48391e+03  1.01811e+00 
 2.48583e+03  1.00140e+00 
 2.48776e+03  1.01472e+00 
 2.48969e+03  1.01240e+00 
 2.49162e+03  9.95364e-01 
 2.49355e+03  9.85056e-01 
 2.49548e+03  9.91849e-01 
 2.49741e+03  9.99108e-01 
 2.49933e+03  9.98089e-01 
 2.50126e+03  1.00175e+00 
 2.50319e+03  1.00388e+00 
 2.50512e+03  1.00279e+00 
 2.50705e+03  1.00248e+00 
 2.50898e+03  9.98064e-01 
 2.51091e+03  1.00696e+00 
 2.51283e+03  1.00029e+00 
 2.51476e+03  9.77928e-01 
 2.51669e+03  9.72465e-01 
 2.51862e+03  9.98193e-01 
 2.52055e+03  1.00847e+00 
 2.52248e+03  9.94658e-01 
 2.52441e+03  9.93229e-01 
 2.52633e+03  9.86927e-01 
 2.52826e+03  9.85654e-01 
 2.53019e+03  9.93657e-01 
 2.53212e+03  9.95411e-01 
 2.53405e+03  1.00142e+00 
 2.53598e+03  1.00283e+00 
 2.53790e+03  9.97962e-01 
 2.53983e+03  9.92521e-01 
 2.54176e+03  9.96946e-01 
 2.54369e+03  1.00923e+00 
 2.54562e+03  1.00592e+00 
 2.54755e+03  1.00110e+00 
 2.54947e+03  9.99146e-01 
 2.55140e+03  9.81071e-01 
 2.55333e+03  9.84162e-01 
 2.55526e+03  1.00832e+00 
 2.55719e+03  9.85305e-01 
 2.55912e+03  9.76751e-01 
 2.56105e+03  1.00042e+00 
 2.56297e+03  1.00450e+00 
 2.56490e+03  9.67286e-01 
 2.56683e+03  9.68976e-01 
 2.56876e+03  9.84975e-01 
 2.57069e+03  9.84354e-01 
 2.57262e+03  9.61856e-01 
 2.57455e+03  9.56932e-01 
 2.57647e+03  9.65523e-01 
 2.57840e+03  9.62462e-01 
 2.58033e+03  9.72918e-01 
 2.58226e+03  9.92100e-01 
 2.58419e+03  1.00149e+00 
 2.58612e+03  1.00203e+00 
 2.58805e+03  1.00284e+00 
 2.58997e+03  1.01614e+00 
 2.59190e+03  9.97603e-01 
 2.59383e+03  9.74876e-01 
 2.59576e+03  9.75616e-01 
 2.59769e+03  9.75040e-01 
 2.59962e+03  9.73338e-01 
 2.60154e+03  9.82371e-01 
 2.60347e+03  9.89489e-01 
 2.60540e+03  9.89851e-01 
 2.60733e+03  9.98606e-01 
 2.60926e+03  9.87705e-01 
 2.61119e+03  9.77278e-01 
 2.61311e+03  9.99946e-01 
 2.61504e+03  1.01405e+00 
 2.61697e+03  9.98431e-01 
 2.61890e+03  9.94795e-01 
 2.62083e+03  9.91862e-01 
 2.62276e+03  9.99682e-01 
 2.62469e+03  9.90567e-01 
 2.62661e+03  9.92017e-01 
 2.62854e+03  9.85796e-01 
 2.63047e+03  9.77725e-01 
 2.63240e+03  9.82498e-01 
 2.63433e+03  1.00699e+00 
 2.63626e+03  1.00488e+00 
 2.63819e+03  9.91417e-01 
 2.64011e+03  9.89637e-01 
 2.64204e+03  9.97168e-01 
 2.64397e+03  1.00609e+00 
 2.64590e+03  9.73422e-01 
 2.64783e+03  9.74068e-01 
 2.64976e+03  1.00312e+00 
 2.65169e+03  1.01214e+00 
 2.65361e+03  1.01201e+00 
 2.65554e+03  1.01188e+00 
 2.65747e+03  1.00262e+00 
 2.65940e+03  9.82918e-01 
 2.66133e+03  9.82941e-01 
 2.66326e+03  9.96137e-01 
 2.66518e+03  9.87196e-01 
 2.66711e+03  9.86317e-01 
 2.66904e+03  9.88457e-01 
 2.67097e+03  9.73239e-01 
 2.67290e+03  9.87504e-01 
 2.67483e+03  9.97940e-01 
 2.67676e+03  1.00325e+00 
 2.67868e+03  1.00048e+00 
 2.68061e+03  1.03229e+00 
 2.68254e+03  1.04959e+00 
 2.68447e+03  1.02299e+00 
 2.68640e+03  1.00807e+00 
 2.68833e+03  9.98294e-01 
 2.69026e+03  9.86020e-01 
 2.69218e+03  9.77423e-01 
 2.69411e+03  1.01683e+00 
 2.69604e+03  1.02564e+00 
 2.69797e+03  9.73756e-01 
 2.69990e+03  9.72879e-01 
 2.70183e+03  9.88718e-01 
 2.70376e+03  1.00741e+00 
 2.70568e+03  1.02097e+00 
 2.70761e+03  1.02146e+00 
 2.70954e+03  1.03925e+00 
 2.71147e+03  1.02248e+00 
 2.71340e+03  1.00252e+00 
 2.71533e+03  9.97408e-01 
 2.71725e+03  9.75453e-01 
 2.71918e+03  9.71372e-01 
 2.72111e+03  9.98844e-01 
 2.72304e+03  1.03495e+00 
 2.72497e+03  1.04744e+00 
 2.72690e+03  1.04378e+00 
 2.72882e+03  9.96378e-01 
 2.73075e+03  9.65794e-01 
 2.73268e+03  9.82594e-01 
 2.73461e+03  9.95134e-01 
 2.73654e+03  1.00863e+00 
 2.73847e+03  1.01910e+00 
 2.74040e+03  9.77319e-01 
 2.74232e+03  9.84376e-01 
 2.74425e+03  1.00706e+00 
 2.74618e+03  9.97755e-01 
 2.74811e+03  1.00542e+00 
 2.75004e+03  9.95460e-01 
 2.75197e+03  1.01404e+00 
 2.75390e+03  1.04301e+00 
 2.75582e+03  1.03409e+00 
 2.75775e+03  1.00123e+00 
 2.75968e+03  9.91326e-01 
 2.76161e+03  9.90826e-01 
 2.76354e+03  1.01124e+00 
 2.76547e+03  1.00081e+00 
 2.76739e+03  1.00520e+00 
 2.76932e+03  1.00127e+00 
 2.77125e+03  9.94179e-01 
 2.77318e+03  9.95882e-01 
 2.77511e+03  9.96542e-01 
 2.77704e+03  1.01832e+00 
 2.77897e+03  1.01379e+00 
 2.78089e+03  1.01312e+00 
 2.78282e+03  9.97570e-01 
 2.78475e+03  9.70751e-01 
 2.78668e+03  9.78001e-01 
 2.78861e+03  1.01332e+00 
 2.79054e+03  1.04825e+00 
 2.79247e+03  1.03322e+00 
 2.79439e+03  1.00898e+00 
 2.79632e+03  1.01997e+00 
 2.79825e+03  1.00003e+00 
 2.80018e+03  9.60470e-01 
 2.80211e+03  9.81501e-01 
 2.80404e+03  1.06280e+00 
 2.80597e+03  1.05874e+00 
 2.80789e+03  9.83445e-01 
 2.80982e+03  9.68766e-01 
 2.81175e+03  9.77145e-01 
 2.81368e+03  9.88164e-01 
 2.81561e+03  1.00293e+00 
 2.81754e+03  1.07199e+00 
 2.81947e+03  1.08649e+00 
 2.82139e+03  1.05181e+00 
 2.82332e+03  1.07455e+00 
 2.82525e+03  1.05332e+00 
 2.82718e+03  1.00610e+00 
 2.82911e+03  1.02615e+00 
 2.83104e+03  1.09181e+00 
 2.83296e+03  1.10062e+00 
 2.83489e+03  1.03771e+00 
 2.83682e+03  9.61446e-01 
 2.83875e+03  9.44515e-01 
 2.84068e+03  9.85595e-01 
 2.84261e+03  1.02343e+00 
 2.84453e+03  1.01194e+00 
 2.84646e+03  9.95510e-01 
 2.84839e+03  9.53831e-01 
 2.85032e+03  9.45459e-01 
 2.85225e+03  9.95568e-01 
 2.85418e+03  1.04920e+00 
 2.85611e+03  1.10183e+00 
 2.85803e+03  1.12573e+00 
 2.85996e+03  1.08040e+00 
 2.86189e+03  9.85617e-01 
 2.86382e+03  9.69700e-01 
 2.86575e+03  9.73308e-01 
 2.86768e+03  9.58820e-01 
 2.86961e+03  1.03978e+00 
 2.87153e+03  1.05078e+00 
 2.87346e+03  1.01106e+00 
 2.87539e+03  1.00826e+00 
 2.87732e+03  1.04085e+00 
 2.87925e+03  1.04387e+00 
 2.88118e+03  1.00998e+00 
 2.88311e+03  1.01809e+00 
 2.88503e+03  1.08403e+00 
 2.88696e+03  1.10529e+00 
 2.88889e+03  1.06668e+00 
 2.89082e+03  1.05467e+00 
 2.89275e+03  1.01582e+00 
 2.89468e+03  1.03380e+00 
 2.89661e+03  1.07135e+00 
 2.89853e+03  1.10202e+00 
 2.90046e+03  1.01636e+00 
 2.90239e+03  9.73804e-01 
 2.90432e+03  1.01080e+00 
 2.90625e+03  1.06352e+00 
 2.90818e+03  1.06931e+00 
 2.91010e+03  1.09267e+00 
 2.91203e+03  1.06728e+00 
 2.91396e+03  1.01643e+00 
 2.91589e+03  1.05667e+00 
 2.91782e+03  1.09426e+00 
 2.91975e+03  1.07352e+00 
 2.92168e+03  9.83906e-01 
 2.92360e+03  1.00275e+00 
 2.92553e+03  1.05519e+00 
 2.92746e+03  1.04754e+00 
 2.92939e+03  1.06262e+00 
 2.93132e+03  1.06330e+00 
 2.93325e+03  1.08228e+00 
 2.93518e+03  1.09443e+00 
 2.93710e+03  1.02691e+00 
 2.93903e+03  1.02756e+00 
 2.94096e+03  9.80609e-01 
 2.94289e+03  1.01636e+00 
 2.94482e+03  1.05804e+00 
 2.94675e+03  1.01300e+00 
 2.94867e+03  1.01424e+00 
 2.95060e+03  1.02217e+00 
 2.95253e+03  9.62249e-01 
 2.95446e+03  9.78281e-01 
 2.95639e+03  1.00663e+00 
 2.95832e+03  1.05919e+00 
 2.96024e+03  1.08226e+00 
 2.96217e+03  1.14045e+00 
 2.96410e+03  1.10977e+00 
 2.96603e+03  1.10344e+00 
 2.96796e+03  1.12168e+00 
 2.96989e+03  1.02107e+00 
 2.97182e+03  9.46681e-01 
 2.97374e+03  9.86187e-01 
 2.97567e+03  1.03299e+00 
 2.97760e+03  1.07934e+00 
 2.97953e+03  1.03259e+00 
 2.98146e+03  1.04222e+00 
 2.98339e+03  1.08599e+00 
 2.98532e+03  1.07520e+00 
 2.98724e+03  1.07833e+00 
 2.98917e+03  1.03382e+00 
 2.99110e+03  9.44497e-01 
 2.99303e+03  9.49494e-01 
 2.99496e+03  1.02417e+00 
 2.99689e+03  1.03708e+00 
 2.99882e+03  9.83802e-01 
 3.00074e+03  1.01952e+00 
 3.00267e+03  1.07035e+00 
 3.00460e+03  1.07507e+00 
 3.00653e+03  1.07657e+00 
 3.00846e+03  1.05133e+00 
 3.01039e+03  9.99835e-01 
 3.01232e+03  9.82425e-01 
 3.01424e+03  1.00870e+00 
 3.01617e+03  1.10262e+00 
 3.01810e+03  1.07572e+00 
 3.02003e+03  9.85762e-01 
 3.02196e+03  1.00968e+00 
 3.02389e+03  1.10264e+00 
 3.02581e+03  1.11073e+00 
 3.02774e+03  1.09843e+00 
 3.02967e+03  1.11323e+00 
 3.03160e+03  1.14770e+00 
 3.03353e+03  1.15492e+00 
 3.03546e+03  1.15344e+00 
 3.03739e+03  1.11608e+00 
 3.03931e+03  1.15682e+00 
 3.04124e+03  1.13377e+00 
 3.04317e+03  9.74683e-01 
 3.04510e+03  1.03544e+00 
 3.04703e+03  1.13927e+00 
 3.04896e+03  1.11264e+00 
 3.05089e+03  1.06612e+00 
 3.05281e+03  1.08952e+00 
 3.05474e+03  1.15375e+00 
 3.05667e+03  1.07449e+00 
 3.05860e+03  1.13184e+00 
 3.06053e+03  1.30849e+00 
 3.06246e+03  1.17249e+00 
 3.06438e+03  1.03174e+00 
 3.06631e+03  1.07793e+00 
 3.06824e+03  1.10269e+00 
 3.07017e+03  9.87304e-01 
 3.07210e+03  9.80114e-01 
 3.07403e+03  1.05896e+00 
 3.07595e+03  1.01795e+00 
 3.07788e+03  9.98766e-01 
 3.07981e+03  1.02970e+00 
 3.08174e+03  1.07229e+00 
 3.08367e+03  1.12398e+00 
 3.08560e+03  1.08797e+00 
 3.08753e+03  1.08709e+00 
 3.08945e+03  1.08405e+00 
 3.09138e+03  9.99107e-01 
 3.09331e+03  1.03881e+00 
 3.09524e+03  1.00490e+00 
 3.09717e+03  9.14438e-01 
 3.09910e+03  9.55090e-01 
 3.10103e+03  1.12784e+00 
 3.10295e+03  1.21013e+00 
 3.10488e+03  1.16243e+00 
 3.10681e+03  1.25174e+00 
 3.10874e+03  1.40296e+00 
 3.11067e+03  1.22329e+00 
 3.11260e+03  9.84157e-01 
 3.11453e+03  8.77107e-01 
 3.11645e+03  9.17419e-01 
 3.11838e+03  1.01106e+00 
 3.12031e+03  1.06252e+00 
 3.12224e+03  1.11156e+00 
 3.12417e+03  1.07826e+00 
 3.12610e+03  1.01456e+00 
 3.12803e+03  1.04457e+00 
 3.12995e+03  1.04169e+00 
 3.13188e+03  1.01513e+00 
 3.13381e+03  9.66922e-01 
 3.13574e+03  9.52655e-01 
 3.13767e+03  9.66765e-01 
 3.13959e+03  1.00079e+00 
 3.14152e+03  1.15254e+00 
 3.14345e+03  1.13475e+00 
 3.14538e+03  1.07550e+00 
 3.14731e+03  1.08499e+00 
 3.14924e+03  1.12229e+00 
 3.15117e+03  1.14425e+00 
 3.15309e+03  1.08450e+00 
 3.15502e+03  9.28617e-01 
 3.15695e+03  8.94632e-01 
 3.15888e+03  1.04583e+00 
 3.16081e+03  1.11909e+00 
 3.16274e+03  1.07668e+00 
 3.16467e+03  1.03689e+00 
 3.16659e+03  1.09252e+00 
 3.16852e+03  1.22139e+00 
 3.17045e+03  1.22015e+00 
 3.17238e+03  1.09210e+00 
 3.17431e+03  9.68729e-01 
 3.17624e+03  9.81527e-01 
 3.17817e+03  1.14513e+00 
 3.18009e+03  1.14050e+00 
 3.18202e+03  1.17276e+00 
 3.18395e+03  1.10003e+00 
 3.18588e+03  1.02617e+00 
 3.18781e+03  1.01660e+00 
 3.18974e+03  1.08509e+00 
 3.19166e+03  1.23498e+00 
 3.19359e+03  1.18795e+00 
 3.19552e+03  1.09455e+00 
 3.19745e+03  1.21659e+00 
 3.19938e+03  1.11908e+00 
 3.20131e+03  1.03374e+00 
 3.20324e+03  1.14072e+00 
 3.20516e+03  1.23621e+00 
 3.20709e+03  1.04683e+00 
 3.20902e+03  8.94681e-01 
 3.21095e+03  9.71021e-01 
 3.21288e+03  1.33768e+00 
 3.21481e+03  1.40495e+00 
 3.21674e+03  1.14809e+00 
 3.21866e+03  1.05269e+00 
 3.22059e+03  1.17391e+00 
 3.22252e+03  1.11512e+00 
 3.22445e+03  9.29278e-01 
 3.22638e+03  8.98913e-01 
 3.22831e+03  1.26169e+00 
 3.23024e+03  1.56160e+00 
 3.23216e+03  1.39218e+00 
 3.23409e+03  1.21284e+00 
 3.23602e+03  1.25567e+00 
 3.23795e+03  1.33373e+00 
 3.23988e+03  1.33091e+00 
 3.24181e+03  1.17346e+00 
 3.24373e+03  9.24350e-01 
 3.24566e+03  9.50246e-01 
 3.24759e+03  9.64132e-01 
 3.24952e+03  8.93302e-01 
 3.25145e+03  1.02637e+00 
 3.25338e+03  1.18833e+00 
 3.25530e+03  1.08045e+00 
 3.25723e+03  8.97884e-01 
 3.25916e+03  9.41354e-01 
 3.26109e+03  9.89879e-01 
 3.26302e+03  9.90925e-01 
 3.26495e+03  1.01735e+00 
 3.26688e+03  1.08309e+00 
 3.26880e+03  1.14521e+00 
 3.27073e+03  1.20961e+00 
 3.27266e+03  1.12793e+00 
 3.27459e+03  9.71807e-01 
 3.27652e+03  1.05319e+00 
 3.27845e+03  1.28822e+00 
 3.28038e+03  1.10331e+00 
 3.28230e+03  9.35373e-01 
 3.28423e+03  1.14109e+00 
 3.28616e+03  1.19772e+00 
 3.28809e+03  9.86289e-01 
 3.29002e+03  7.77966e-01 
 3.29195e+03  7.27772e-01 
 3.29388e+03  8.85308e-01 
 3.29580e+03  9.25344e-01 
 3.29773e+03  9.14134e-01 
 3.29966e+03  1.05680e+00 
 3.30159e+03  9.85652e-01 
 3.30352e+03  9.90565e-01 
 3.30545e+03  1.15294e+00 
 3.30738e+03  9.06071e-01 
 3.30930e+03  7.97799e-01 
 3.31123e+03  9.18053e-01 
 3.31316e+03  1.06548e+00 
 3.31509e+03  1.06764e+00 
 3.31702e+03  1.33519e+00 
 3.31895e+03  1.28563e+00 
 3.32088e+03  8.64556e-01 
 3.32280e+03  9.25048e-01 
 3.32473e+03  9.69595e-01 
 3.32666e+03  9.33091e-01 
 3.32859e+03  8.96013e-01 
 3.33052e+03  8.81101e-01 
 3.33245e+03  9.98934e-01 
 3.33437e+03  1.06160e+00 
 3.33630e+03  9.12213e-01 
 3.33823e+03  8.88198e-01 
 3.34016e+03  9.69301e-01 
 3.34209e+03  8.81316e-01 
 3.34402e+03  9.59266e-01 
 3.34595e+03  1.00004e+00 
 3.34787e+03  1.01877e+00 
 3.34980e+03  9.33952e-01 
 3.35173e+03  9.06504e-01 
 3.35366e+03  8.35778e-01 
 3.35559e+03  8.33417e-01 
 3.35752e+03  9.75170e-01 
 3.35944e+03  1.29492e+00 
 3.36137e+03  1.25651e+00 
 3.36330e+03  8.50895e-01 
 3.36523e+03  7.59645e-01 
 3.36716e+03  8.59146e-01 
 3.36909e+03  1.01665e+00 
 3.37101e+03  1.04148e+00 
 3.37294e+03  1.02297e+00 
 3.37487e+03  8.83745e-01 
 3.37680e+03  8.10750e-01 
 3.37873e+03  8.72482e-01 
 3.38066e+03  8.48201e-01 
 3.38259e+03  8.32379e-01 
 3.38451e+03  1.01439e+00 
 3.38644e+03  1.27779e+00 
 3.38837e+03  1.88814e+00 
 3.39030e+03  1.86947e+00 
 3.39223e+03  1.27602e+00 
 3.39416e+03  1.20410e+00 
 3.39609e+03  1.31687e+00 
 3.39801e+03  1.08110e+00 
 3.39994e+03  8.28048e-01 
 3.40187e+03  7.45350e-01 
 3.40380e+03  8.44658e-01 
 3.40573e+03  1.02643e+00 
 3.40766e+03  8.84783e-01 
 3.40959e+03  7.59013e-01 
 3.41151e+03  8.52607e-01 
 3.41344e+03  9.46094e-01 
 3.41537e+03  8.63579e-01 
 3.41730e+03  7.89197e-01 
 3.41923e+03  7.51080e-01 
 3.42116e+03  8.35322e-01 
 3.42309e+03  9.49328e-01 
 3.42501e+03  1.20485e+00 
 3.42694e+03  1.47166e+00 
 3.42887e+03  1.15328e+00 
 3.43080e+03  1.08795e+00 
 3.43273e+03  7.91346e-01 
 3.43466e+03  8.32931e-01 
 3.43658e+03  1.21403e+00 
 3.43851e+03  1.12513e+00 
 3.44044e+03  1.15009e+00 
 3.44237e+03  9.70008e-01 
 3.44430e+03  9.41974e-01 
 3.44623e+03  1.28351e+00 
 3.44816e+03  1.24207e+00 
 3.45008e+03  1.05673e+00 
 3.45201e+03  9.78228e-01 
 3.45394e+03  9.24117e-01 
 3.45587e+03  1.07589e+00 
 3.45780e+03  1.57778e+00 
 3.45973e+03  1.69556e+00 
 3.46166e+03  1.41994e+00 
 3.46358e+03  1.22586e+00 
 3.46551e+03  9.74274e-01 
 3.46744e+03  7.63591e-01 
 3.46937e+03  9.66864e-01 
 3.47130e+03  8.93601e-01 
 3.47323e+03  8.44670e-01 
 3.47515e+03  1.02337e+00 
 3.47708e+03  8.90915e-01 
 3.47901e+03  8.37907e-01 
 3.48094e+03  1.05275e+00 
 3.48287e+03  1.47005e+00 
 3.48480e+03  1.05453e+00 
 3.48672e+03  8.06616e-01 
 3.48865e+03  1.03037e+00 
 3.49058e+03  1.18634e+00 
 3.49251e+03  8.90174e-01 
 3.49444e+03  7.65137e-01 
 3.49637e+03  1.04500e+00 
 3.49830e+03  1.35227e+00 
 3.50022e+03  1.10777e+00 
 3.50215e+03  1.38589e+00 
 3.50408e+03  1.26809e+00 
 3.50601e+03  9.27698e-01 
 3.50794e+03  1.18172e+00 
 3.50987e+03  2.31716e+00 
 3.51180e+03  1.60722e+00 
 3.51372e+03  6.42445e-01 
 3.51565e+03  7.63300e-01 
 3.51758e+03  8.96827e-01 
 3.51951e+03  6.92797e-01 
 3.52144e+03  7.44524e-01 
 3.52337e+03  1.06059e+00 
 3.52530e+03  8.61879e-01 
 3.52722e+03  7.17536e-01 
 3.52915e+03  7.31831e-01 
 3.53108e+03  9.68376e-01 
 3.53301e+03  8.46984e-01 
 3.53494e+03  5.40926e-01 
 3.53687e+03  5.70759e-01 
 3.53880e+03  1.02902e+00 
 3.54072e+03  1.11231e+00 
 3.54265e+03  8.89458e-01 
 3.54458e+03  7.81656e-01 
 3.54651e+03  5.11776e-01 
 3.54844e+03  5.21951e-01 
 3.55037e+03  8.44967e-01 
 3.55229e+03  1.44510e+00 
 3.55422e+03  1.15093e+00 
 3.55615e+03  8.45429e-01 
 3.55808e+03  6.49867e-01 
 3.56001e+03  9.23912e-01 
 3.56194e+03  1.29841e+00 
 3.56386e+03  1.32491e+00 
 3.56579e+03  1.04554e+00 
 3.56772e+03  8.53705e-01 
 3.56965e+03  1.04990e+00 
 3.57158e+03  9.80436e-01 
 3.57351e+03  9.87317e-01 
 3.57544e+03  8.41108e-01 
 3.57736e+03  8.20213e-01 
 3.57929e+03  1.01484e+00 
 3.58122e+03  8.71060e-01 
 3.58315e+03  6.61478e-01 
 3.58508e+03  8.14686e-01 
 3.58701e+03  1.27685e+00 
 3.58894e+03  1.67370e+00 
 3.59086e+03  1.25212e+00 
 3.59279e+03  9.76827e-01 
 3.59472e+03  7.59168e-01 
 3.59665e+03  4.81815e-01 
 3.59858e+03  6.56992e-01 
 3.60051e+03  8.95684e-01 
 3.60243e+03  1.27625e+00 
 3.60436e+03  9.99893e-01 
 3.60629e+03  9.86338e-01 
 3.60822e+03  1.53259e+00 
 3.61015e+03  1.34152e+00 
 3.61208e+03  1.01128e+00 
 3.61401e+03  9.73509e-01 
 3.61593e+03  8.97377e-01 
 3.61786e+03  1.49912e+00 
 3.61979e+03  2.26448e+00 
 3.62172e+03  1.38032e+00 
 3.62365e+03  8.86963e-01 
 3.62558e+03  6.66345e-01 
 3.62751e+03  6.80982e-01 
 3.62943e+03  8.21178e-01 
 3.63136e+03  1.18733e+00 
 3.63329e+03  1.38918e+00 
 3.63522e+03  1.11889e+00 
 3.63715e+03  9.55779e-01 
 3.63908e+03  1.33840e+00 
 3.64101e+03  9.89834e-01 
 3.64293e+03  7.52406e-01 
 3.64486e+03  9.29585e-01 
 3.64679e+03  1.71885e+00 
 3.64872e+03  3.41483e+00 
 3.65065e+03  1.68454e+00 
 3.65258e+03  1.34082e+00 
 3.65451e+03  9.47438e-01 
 3.65643e+03  6.57634e-01 
 3.65836e+03  5.15132e-01 
 3.66029e+03  6.43933e-01 
 3.66222e+03  1.43965e+00 
 3.66415e+03  1.83031e+00 
 3.66608e+03  1.16454e+00 
 3.66800e+03  1.03130e+00 
 3.66993e+03  1.07118e+00 
 3.67186e+03  8.70489e-01 
 3.67379e+03  8.70107e-01 
 3.67572e+03  9.90388e-01 
 3.67765e+03  9.48882e-01 
 3.67957e+03  1.23796e+00 
 3.68150e+03  1.49235e+00 
 3.68343e+03  1.06900e+00 
 3.68536e+03  8.23672e-01 
 3.68729e+03  1.32580e+00 
 3.68922e+03  1.14053e+00 
 3.69115e+03  8.41460e-01 
 3.69307e+03  8.09116e-01 
 3.69500e+03  9.00326e-01 
 3.69693e+03  9.87911e-01 
 3.69886e+03  7.56091e-01 
 3.70079e+03  4.17422e-01 
 3.70272e+03  5.44633e-01 
 3.70465e+03  7.83713e-01 
 3.70657e+03  1.07555e+00 
 3.70850e+03  9.87870e-01 
 3.71043e+03  6.09469e-01 
 3.71236e+03  5.36402e-01 
 3.71429e+03  6.89269e-01 
 3.71622e+03  1.16726e+00 
 3.71814e+03  2.33037e+00 
 3.72007e+03  2.02769e+00 
 3.72200e+03  8.87162e-01 
 3.72393e+03  1.26346e+00 
 3.72586e+03  8.50341e-01 
 3.72779e+03  7.09165e-01 
 3.72972e+03  1.00003e+00 
 3.73164e+03  1.10867e+00 
 3.73357e+03  5.39623e-01 
 3.73550e+03  4.78439e-01 
 3.73743e+03  5.99286e-01 
 3.73936e+03  7.82348e-01 
 3.74129e+03  1.11382e+00 
 3.74322e+03  9.93044e-01 
 3.74514e+03  8.26425e-01 
 3.74707e+03  9.84988e-01 
 3.74900e+03  8.28303e-01 
 3.75093e+03  4.50894e-01 
 3.75286e+03  3.65333e-01 
 3.75479e+03  9.68823e-01 
 3.75672e+03  1.19457e+00 
 3.75864e+03  8.63804e-01 
 3.76057e+03  6.33247e-01 
 3.76250e+03  8.60582e-01 
 3.76443e+03  6.90227e-01 
 3.76636e+03  7.46222e-01 
 3.76829e+03  6.07825e-01 
 3.77022e+03  6.03449e-01 
 3.77214e+03  1.01696e+00 
 3.77407e+03  1.13202e+00 
 3.77600e+03  1.45716e+00 
 3.77793e+03  1.30012e+00 
 3.77986e+03  9.30869e-01 
 3.78179e+03  1.91928e+00 
 3.78371e+03  2.93893e+00 
 3.78564e+03  1.11011e+00 
 3.78757e+03  2.54206e+00 
 3.78950e+03  2.10734e+00 
 3.79143e+03  4.71970e-01 
 3.79336e+03  2.34437e-01 
 3.79528e+03  3.94658e-01 
 3.79721e+03  9.12320e-01 
 3.79914e+03  1.40969e+00 
 3.80107e+03  1.43092e+00 
 3.80300e+03  1.00500e+00 
 3.80493e+03  5.02765e-01 
 3.80686e+03  3.96605e-01 
 3.80878e+03  1.09178e+00 
 3.81071e+03  3.14693e+00 
 3.81264e+03  2.16708e+00 
 3.81457e+03  1.19165e+00 
 3.81650e+03  2.72977e+00 
 3.81843e+03  4.10942e+00 
 3.82036e+03  1.12294e+00 
 3.82228e+03  7.32076e-01 
 3.82421e+03  1.42177e+00 
 3.82614e+03  1.64321e+00 
 3.82807e+03  1.14067e+00 
 3.83000e+03  1.28876e+00 
 3.83193e+03  1.12609e+00 
 3.83386e+03  9.97865e-01 
 3.83578e+03  1.38011e+00 
 3.83771e+03  1.51809e+00 
 3.83964e+03  1.06016e+00 
 3.84157e+03  1.01866e+00 
 3.84350e+03  6.74802e-01 
 3.84543e+03  8.21221e-01 
 3.84735e+03  1.30746e+00 
 3.84928e+03  9.58473e-01 
 3.85121e+03  1.04486e+00 
 3.85314e+03  9.18754e-01 
 3.85507e+03  5.61608e-01 
 3.85700e+03  3.43597e-01 
 3.85893e+03  3.18478e-01 
 3.86085e+03  5.91952e-01 
 3.86278e+03  9.11790e-01 
 3.86471e+03  8.25038e-01 
 3.86664e+03  4.91287e-01 
 3.86857e+03  2.97294e-01 
 3.87050e+03  3.40083e-01 
 3.87243e+03  7.39473e-01 
 3.87435e+03  1.17381e+00 
 3.87628e+03  1.35737e+00 
 3.87821e+03  1.32649e+00 
 3.88014e+03  1.19819e+00 
 3.88207e+03  7.52339e-01 
 3.88400e+03  8.74051e-01 
 3.88593e+03 -6.44247e+02 
 3.88785e+03 -2.23553e+00 
 3.88978e+03 -3.89504e+01 
 3.89171e+03  1.20805e+00 
 3.89364e+03  7.22966e-01 
 3.89557e+03  6.68060e-01 
 3.89749e+03  1.27208e+00 
 3.89942e+03 -7.13489e+00 
 3.90135e+03  1.38908e+01 
 3.90328e+03  1.19983e+00 
 3.90521e+03  1.45934e+00 
 3.90714e+03  2.44810e+00 
 3.90907e+03  3.60211e+00 
 3.91099e+03  1.48174e+00 
 3.91292e+03  3.90867e+00 
 3.91485e+03 -2.29971e+00 
 3.91678e+03 -2.14976e+00 
 3.91871e+03  7.00436e+00 
 3.92064e+03  2.06307e+01 
 3.92257e+03  5.36901e+00 
 3.92449e+03  1.56453e+00 
 3.92642e+03  1.19967e+00 
 3.92835e+03  1.02100e+00 
 3.93028e+03  5.01811e-01 
 3.93221e+03  3.97005e-01 
 3.93414e+03  1.25520e+00 
 3.93607e+03  2.87041e+00 
 3.93799e+03  2.24228e+00 
 3.93992e+03  4.78005e+00 
 3.94185e+03  2.73902e+00 
 3.94378e+03  3.66998e+00 
 3.94571e+03  4.91517e+00 
 3.94764e+03  6.86581e+00 
 3.94957e+03  7.20044e+00 
 3.95149e+03  1.09705e+01 
 3.95342e+03  4.81202e+00 
 3.95535e+03  1.58222e+00 
 3.95728e+03  8.58532e-01 
 3.95921e+03  6.39454e-01 
 3.96114e+03  7.55175e-01 
 3.96306e+03  1.03601e+00 
 3.96499e+03  9.57952e-01 
 3.96692e+03  1.13716e+00 
 3.96885e+03  1.04319e+00 
 3.97078e+03  1.19462e+00 
 3.97271e+03  1.19948e+00 
 3.97464e+03  4.96991e-01 
 3.97656e+03  7.26035e-01 
 3.97849e+03  2.14956e+01 
 3.98042e+03  8.00140e+00 
 3.98235e+03 -1.01881e+01 
 3.98428e+03 -2.45475e+00 
 3.98621e+03  2.48036e+00 
 3.98814e+03  3.10741e+00 
 3.99006e+03  5.85327e+00 
 3.99199e+03  2.50376e+00 
 3.99392e+03  1.08982e+00 
 3.99585e+03  1.25027e+00 
 3.99778e+03  2.12939e+00 
 3.99971e+03  8.38942e-01 
